0,495
0,494
0,493
0,492
0,491
0,490
0,489
0,488
0,487
0,486
0,485
0,484
0,483
0,482
0,481
0,480
45,3
45,2
0,479
45,1
45,0
0,478
0,477
0,476
44,3
44,2
0,475
44,1
44,0
0,474
0,473
0,472
0,471
0,243
43,4
0,470
43,3
43,2
43,1
43,0
0,469
0,468
42,4
0,467
0,466
42,3
42,2
0,465
42,1
42,0
0,464
0,463
0,462
0,461
0,460
0,459
0,458
0,457
0,456
41,3
41,2
41,1
41,0
40,3
40,2
40,1
40,0
39,4
39,3
39,2
39,1
39,0
0,455
38,4
38,3
38,2
38,1
38,0
3,1
3,3
10,245
10,311
10,173
10,235
10,269
10,139
10,241
10,143
11,28
11,26
11,13
11,24
11,9
11,2
11,3
9,7
9,1
9,5
9,2
9,3
8,6
8,4
8,12
8,11
8,5
8,16
